50 67
0.025797 0.698726 0.395295 0.250676 0.672859 0.100723 0.390555 0.945851 0.489397 0.420457 0.362895 0.212832 0.008808 0.207218 0.295852 0.253372 0.589275 0.949234 0.052599 0.296296 0.523658 0.530971 0.512934 0.954902 0.271152 0.219890 0.954741 0.221646 0.426917 0.970415 0.997667 0.452713 0.669140 0.392962 0.703389 0.342000 0.493684 0.093944 0.287850 0.983082 0.514401 0.650746 0.195913 0.523209 0.857964 0.491765 0.776581 0.447239 0.440999 0.829181 0.743535 0.964657 0.360151 0.256470 0.919558 0.631304 0.476360 0.874300 0.852949 0.903277 0.844714 0.850616 0.355990 0.513854 0.243578 0.059380 0.855854 
0.737262 0.153324 0.143704 0.720344 0.667725 0.794450 0.916257 0.190934 0.652414 0.408022 0.967515 0.099653 0.849020 0.796696 0.843188 0.813677 0.156847 0.099658 0.733235 0.788151 0.576018 0.607535 0.641100 0.479295 0.452249 0.491716 0.835286 0.966103 0.735294 0.894665 0.821957 0.472556 0.047989 0.965661 0.192899 0.715714 0.760111 0.109156 0.906648 0.412525 0.517177 0.874163 0.512178 0.366197 0.670859 0.355366 0.179874 0.827706 0.455024 0.913109 0.615856 0.031043 0.520644 0.256956 0.510338 0.972893 0.748672 0.345623 0.938996 0.483965 0.240289 0.760953 0.956521 0.288278 0.726614 0.149420 0.003992 
0.486726 0.258576 0.910639 0.899251 0.775753 0.784802 0.411429 0.141951 0.455661 0.766796 0.321825 0.283366 0.221820 0.234934 0.899222 0.252863 0.755578 0.156178 0.763200 0.728471 0.904850 0.108824 0.667467 0.388816 0.349112 0.428420 0.345337 0.637390 0.155034 0.494757 0.641382 0.641760 0.753333 0.552021 0.541010 0.529086 0.336823 0.952440 0.671037 0.792483 0.719235 0.992862 0.075850 0.941055 0.227796 0.975072 0.193918 0.983374 0.131250 0.957118 0.711844 0.036100 0.065942 0.379311 0.424916 0.415054 0.807730 0.770253 0.052444 0.962764 0.265010 0.693826 0.604524 0.018343 0.245847 0.145534 0.547429 
0.582670 0.097974 0.218466 0.375153 0.817209 0.211327 0.451003 0.758264 0.439123 0.426075 0.952182 0.422497 0.557325 0.909300 0.134341 0.593425 0.975242 0.513652 0.018341 0.390297 0.321382 0.788594 0.442741 0.284146 0.053604 0.136567 0.888670 0.071947 0.382414 0.034204 0.619376 0.965084 0.132178 0.837841 0.340237 0.949387 0.049169 0.791240 0.707652 0.488292 0.217315 0.659834 0.910789 0.774640 0.569134 0.045130 0.368065 0.544376 0.558782 0.386407 0.934673 0.880165 0.175001 0.377414 0.164311 0.228605 0.513981 0.052981 0.300552 0.896395 0.087186 0.919927 0.861478 0.219364 0.757768 0.201715 0.168752 
0.806937 0.992955 0.876403 0.295229 0.210270 0.536237 0.206018 0.984910 0.105371 0.251148 0.352975 0.649747 0.809930 0.739381 0.584420 0.690095 0.914382 0.961834 0.854406 0.142987 0.475815 0.907387 0.443538 0.372209 0.994573 0.363466 0.233687 0.213937 0.121234 0.435403 0.382688 0.928171 0.428358 0.259092 0.223400 0.638628 0.795329 0.429418 0.623538 0.900700 0.680566 0.976512 0.550447 0.490496 0.715893 0.134868 0.180591 0.630275 0.096702 0.034997 0.773262 0.572516 0.942384 0.216801 0.944726 0.936956 0.580266 0.178413 0.150893 0.701500 0.613816 0.533582 0.629671 0.042174 0.792673 0.853071 0.680802 
0.588002 0.282488 0.304340 0.488702 0.963054 0.280852 0.039149 0.453550 0.996745 0.174017 0.634141 0.627021 0.270719 0.669138 0.400283 0.843235 0.611521 0.617084 0.787961 0.548477 0.197350 0.966374 0.699371 0.898850 0.580190 0.232952 0.528521 0.622364 0.025626 0.381592 0.303166 0.613628 0.664080 0.607505 0.102330 0.627135 0.888357 0.141479 0.080685 0.885102 0.315496 0.714826 0.512123 0.586215 0.383963 0.912406 0.429450 0.995485 0.529490 0.217411 0.543962 0.726840 0.183785 0.243333 0.625690 0.763975 0.476285 0.154211 0.386338 0.501910 0.535803 0.689504 0.115538 0.199883 0.297010 0.217868 0.827017 
0.185367 0.359347 0.907702 0.070469 0.674843 0.622528 0.582592 0.261058 0.006492 0.494999 0.690508 0.001976 0.024488 0.907919 0.545938 0.751328 0.091704 0.789271 0.377018 0.855679 0.265556 0.531229 0.242017 0.767466 0.067031 0.931521 0.883004 0.266914 0.228531 0.100872 0.093932 0.413898 0.460219 0.001634 0.484367 0.135062 0.624162 0.066959 0.396120 0.630654 0.561958 0.086628 0.632630 0.586446 0.994547 0.178568 0.337774 0.086251 0.967839 0.714792 0.941929 0.233395 0.246021 0.183946 0.000861 0.313052 0.115468 0.883865 0.579966 0.343998 0.984737 0.673898 0.757896 0.444956 0.675532 0.242263 0.580018 
0.299695 0.309222 0.976137 0.930348 0.871180 0.062765 0.562978 0.457626 0.057312 0.741546 0.795400 0.143563 0.709385 0.510192 0.085493 0.942780 0.756213 0.269439 0.943641 0.069265 0.384907 0.827506 0.649232 0.728905 0.812243 0.323130 0.486801 0.257198 0.998662 0.729063 0.837216 0.298357 0.038285 0.813353 0.228706 0.909465 0.876119 0.791684 0.367091 0.933431 0.533230 0.162491 0.076994 0.242616 0.672683 0.162487 0.185396 0.428896 0.431926 0.129036 0.498161 0.816833 0.956542 0.147393 0.545738 0.768784 0.470523 0.032538 0.025983 0.469186 0.761601 0.863199 0.767543 0.799887 0.676552 0.996248 0.709351 
0.552671 0.787932 0.076442 0.486102 0.321163 0.238933 0.563097 0.563778 0.911615 0.725584 0.749174 0.340511 0.157510 0.878210 0.838673 0.974343 0.834752 0.986066 0.520080 0.603536 0.456589 0.552618 0.629519 0.925775 0.314220 0.492718 0.693317 0.114106 0.169270 0.689566 0.823458 0.721941 0.477498 0.899899 0.208043 0.798660 0.138832 0.771140 0.362439 0.050448 0.496724 0.111613 0.390959 0.654233 0.989823 0.229632 0.628576 0.824575 0.215698 0.148656 0.428111 0.672287 0.701274 0.057630 0.598061 0.015494 0.550348 0.291379 0.129600 0.719618 0.980944 0.953058 0.441559 0.458442 0.852957 0.649603 0.257102 
0.991789 0.420743 0.619541 0.042237 0.917466 0.731154 0.433196 0.571700 0.720976 0.662828 0.200276 0.545551 0.878526 0.348932 0.973662 0.550812 0.050206 0.031292 0.148874 0.065700 0.581640 0.440252 0.195300 0.301259 0.421196 0.148357 0.742818 0.879639 0.001315 0.392421 0.136741 0.993104 0.813163 0.756282 0.035341 0.730629 0.487436 0.468537 0.302329 0.208412 0.131365 0.502604 0.753963 0.009890 0.851536 0.727625 0.560702 0.901742 0.758917 0.709576 0.967441 0.340558 0.149828 0.162741 0.641816 0.571024 0.311099 0.384634 0.450663 0.312413 0.777055 0.587404 0.305517 0.590218 0.343686 0.340858 0.320847 
0.831122 0.809394 0.623176 0.039534 0.940759 0.125780 0.793497 0.950649 0.977316 0.521122 0.511351 0.879058 0.280040 0.220927 0.846499 0.620598 0.370755 0.009240 0.262414 0.941780 0.320339 0.647048 0.392443 0.632752 0.424103 0.979847 0.938269 0.014321 0.323533 0.279126 0.335168 0.154655 0.088521 0.958344 0.194189 0.029279 0.084124 0.987687 0.979928 0.061440 0.508809 0.491280 0.940497 0.788849 0.712207 0.786996 0.409447 0.082962 0.796236 0.671861 0.024742 0.116575 0.318909 0.417184 0.749327 0.743013 0.397031 0.687595 0.757334 0.720564 0.966722 0.092502 0.875219 0.055242 0.050845 0.069409 0.084522 
0.134969 0.057095 0.064450 0.196409 0.565905 0.555730 0.136906 0.354754 0.267937 0.923902 0.764200 0.350899 0.720138 0.436061 0.375640 0.836713 0.754971 0.792824 0.586040 0.497983 0.189855 0.273635 0.255317 0.910419 0.240357 0.347819 0.785639 0.295599 0.398664 0.855047 0.380121 0.533633 0.912143 0.444571 0.730042 0.478047 0.000301 0.866948 0.832801 0.268238 0.790850 0.597001 0.619136 0.510988 0.033063 0.994776 0.347701 0.788033 0.787600 0.933741 0.286016 0.977455 0.207377 0.541333 0.887875 0.447734 0.889152 0.673513 0.743333 0.287816 0.528560 0.123454 0.821449 0.440703 0.568026 0.551491 0.918750 
0.568327 0.418438 0.751551 0.836564 0.209288 0.348553 0.455700 0.720276 0.381615 0.450476 0.067978 0.169649 0.238076 0.001719 0.455665 0.215532 0.209096 0.996998 0.103406 0.656830 0.886150 0.776919 0.400163 0.173966 0.305480 0.523617 0.995415 0.746183 0.091643 0.546906 0.664933 0.659969 0.965344 0.416485 0.496533 0.174633 0.765037 0.952233 0.894909 0.146653 0.402710 0.962886 0.316302 0.640786 0.964605 0.771967 0.856317 0.173701 0.768965 0.959724 0.830530 0.655116 0.736643 0.230693 0.829082 0.042123 0.754311 0.824497 0.788305 0.845953 0.371403 0.453239 0.505923 0.336747 0.869723 0.002456 0.511380 
0.634761 0.954690 0.406289 0.781414 0.357399 0.369175 0.097715 0.998185 0.333780 0.869682 0.854502 0.507481 0.638647 0.814226 0.338011 0.293762 0.550869 0.568704 0.122844 0.592991 0.323015 0.947341 0.381297 0.168968 0.318744 0.834535 0.674891 0.655491 0.704259 0.677347 0.166871 0.339019 0.632037 0.573160 0.120433 0.989437 0.942335 0.218148 0.987622 0.276114 0.087830 0.842124 0.783595 0.726477 0.656350 0.121606 0.020239 0.207219 0.690310 0.143083 0.800210 0.013325 0.090424 0.181507 0.182293 0.409168 0.016042 0.857184 0.064660 0.720301 0.534531 0.231531 0.059321 0.166568 0.804691 0.179753 0.156005 
0.747025 0.397901 0.143627 0.023140 0.485731 0.985751 0.806735 0.212208 0.642101 0.928341 0.232447 0.849320 0.618651 0.375530 0.649530 0.631976 0.465954 0.831037 0.814269 0.875122 0.847079 0.671453 0.939782 0.567380 0.205984 0.171313 0.626701 0.372552 0.976004 0.806454 0.528557 0.723029 0.204356 0.672184 0.746169 0.690087 0.657935 0.552904 0.902295 0.300035 0.481245 0.134741 0.149355 0.099896 0.510271 0.798885 0.731871 0.976225 0.629922 0.546140 0.851348 0.477001 0.217593 0.791130 0.044381 0.423577 0.962443 0.671082 0.796129 0.938447 0.477537 0.324687 0.661476 0.681893 0.996871 0.407645 0.371980 
0.654805 0.960548 0.274275 0.954841 0.441793 0.409016 0.104196 0.541689 0.919287 0.903080 0.273560 0.895512 0.533002 0.819700 0.746860 0.010003 0.037293 0.537990 0.054384 0.460870 0.500433 0.725467 0.256999 0.438880 0.203004 0.581686 0.100355 0.884897 0.578557 0.508000 0.256877 0.233362 0.468548 0.531151 0.188203 0.910341 0.940167 0.292399 0.452030 0.859454 0.195479 0.725590 0.754966 0.728481 0.545290 0.501826 0.738484 0.582583 0.039816 0.792868 0.043453 0.540249 0.518335 0.300452 0.979129 0.721339 0.882138 0.079484 0.606236 0.460695 0.587484 0.863112 0.694057 0.056033 0.394264 0.882260 0.966374 
0.636909 0.017048 0.017437 0.010284 0.009395 0.032198 0.022201 0.018626 0.000000 0.022818 0.029284 0.033970 0.000000 0.000085 0.001174 0.006564 0.028033 0.000096 0.000015 0.000000 0.000489 0.013838 0.004411 0.000696 0.000000 0.004494 0.008438 0.001162 0.000000 0.000002 0.001461 0.001085 0.007181 0.000000 0.000000 0.000000 0.047560 0.000080 0.000190 0.000112 0.000000 0.000123 0.005317 0.001260 0.000000 0.000000 0.000192 0.000366 0.000000 0.000000 0.000000 0.000000 0.012660 0.000208 0.000000 0.000000 0.000103 0.001767 0.000091 0.000098 0.000000 0.000000 0.000050 0.000428 0.015447 0.034990 0.056367 
0.769825 0.751186 0.765614 0.720751 0.412288 0.781055 0.943544 0.563884 0.426469 0.481654 0.746223 0.220189 0.635535 0.938434 0.883556 0.287325 0.220002 0.022804 0.897718 0.178411 0.501047 0.160772 0.869693 0.712548 0.958748 0.260223 0.991736 0.466304 0.768404 0.532498 0.053580 0.538229 0.283684 0.819193 0.258980 0.695972 0.600248 0.202524 0.259856 0.026717 0.684178 0.006078 0.246907 0.319713 0.944512 0.130462 0.607038 0.164514 0.153267 0.504756 0.342924 0.654314 0.665529 0.212618 0.366861 0.624277 0.472841 0.358598 0.090581 0.241245 0.891096 0.144161 0.779474 0.174780 0.963354 0.038454 0.870753 
0.563603 0.240978 0.130608 0.590320 0.925157 0.136687 0.837227 0.244870 0.081199 0.967689 0.851908 0.245713 0.120956 0.356665 0.588637 0.775270 0.022193 0.801255 0.142131 0.646470 0.274096 0.500729 0.737051 0.515341 0.391825 0.881212 0.294815 0.566606 0.844567 0.333269 0.437358 0.408169 0.574248 0.567967 0.998489 0.499404 0.704653 0.835716 0.744274 0.785852 0.803405 0.596182 0.031565 0.924360 0.952847 0.620202 0.699630 0.975040 0.421457 0.841761 0.621510 0.695553 0.342490 0.358562 0.210893 0.734315 0.239774 0.505708 0.300921 0.084341 0.838978 0.738279 0.492510 0.413225 0.306246 0.490999 0.912630 
0.010899 0.326715 0.656904 0.796751 0.130119 0.253086 0.828316 0.054480 0.205933 0.448518 0.754110 0.180973 0.869974 0.595871 0.802483 0.565527 0.938361 0.161045 0.776421 0.672677 0.400820 0.282129 0.973598 0.485160 0.121107 0.711877 0.977670 0.534332 0.018122 0.468669 0.446962 0.029021 0.795384 0.103866 0.825772 0.925503 0.356952 0.654088 0.979983 0.562885 0.102606 0.734093 0.743858 0.972580 0.329964 0.546341 0.538107 0.268325 0.707387 0.314528 0.941002 0.108206 0.596657 0.914600 0.593366 0.717763 0.626476 0.571037 0.252096 0.644599 0.039706 0.699058 0.673620 0.835090 0.802923 0.499392 0.760593 
0.159875 0.153480 0.740576 0.722760 0.256086 0.474668 0.466618 0.228666 0.804632 0.012959 0.766773 0.072957 0.720345 0.081301 0.013959 0.828552 0.677958 0.928558 0.421918 0.395721 0.555035 0.992954 0.647817 0.199633 0.032660 0.346875 0.873253 0.867750 0.149798 0.372645 0.628343 0.309673 0.526125 0.368919 0.032433 0.782211 0.843587 0.499050 0.010877 0.648219 0.512009 0.777651 0.721175 0.232354 0.858952 0.735134 0.060906 0.536909 0.663692 0.482824 0.932631 0.218727 0.475778 0.580448 0.418360 0.508439 0.927322 0.291613 0.376189 0.077120 0.664258 0.004532 0.386793 0.190384 0.373450 0.419226 0.972595 
0.217037 0.918276 0.983472 0.865255 0.430285 0.761123 0.586431 0.662639 0.620074 0.321565 0.723545 0.156984 0.985257 0.206369 0.089614 0.203985 0.682147 0.670062 0.622345 0.190586 0.597385 0.913958 0.566774 0.674505 0.578217 0.571306 0.061298 0.768600 0.944756 0.480524 0.741195 0.161793 0.398800 0.724667 0.027049 0.829085 0.485790 0.613479 0.491725 0.105864 0.935044 0.215270 0.262848 0.920302 0.421639 0.352462 0.124286 0.103786 0.022525 0.746631 0.294372 0.619909 0.660589 0.861147 0.294414 0.238806 0.432453 0.355713 0.007406 0.377209 0.836237 0.748601 0.539002 0.235037 0.473269 0.566051 0.064122 
0.959058 0.179530 0.555847 0.064923 0.114574 0.771117 0.327771 0.034876 0.192755 0.680233 0.159162 0.296542 0.702757 0.905793 0.590914 0.322667 0.566382 0.452060 0.617081 0.805188 0.884513 0.972794 0.812595 0.261722 0.809030 0.561196 0.800724 0.044067 0.034465 0.366774 0.108189 0.993523 0.546304 0.664036 0.058446 0.660878 0.435153 0.386216 0.695754 0.627908 0.066449 0.854916 0.924450 0.769206 0.760709 0.515364 0.091873 0.327092 0.967424 0.708954 0.132280 0.851937 0.681748 0.944875 0.113658 0.490778 0.506071 0.914382 0.534845 0.540535 0.281156 0.643035 0.534058 0.827460 0.307071 0.592504 0.488339 
0.742223 0.978720 0.184093 0.370131 0.045169 0.039009 0.294581 0.814375 0.799718 0.809945 0.906249 0.126810 0.777368 0.615203 0.259090 0.629305 0.296950 0.203965 0.742963 0.787728 0.710036 0.657345 0.322574 0.250571 0.938502 0.965608 0.784629 0.765962 0.272679 0.377133 0.254300 0.014902 0.355853 0.438393 0.385033 0.401022 0.477402 0.679614 0.215397 0.277121 0.489558 0.121646 0.403931 0.266927 0.736849 0.663021 0.896232 0.033799 0.866986 0.639195 0.821527 0.577022 0.296540 0.144101 0.827593 0.235042 0.109709 0.612222 0.001004 0.382388 0.989355 0.255304 0.397289 0.345208 0.693697 0.782322 0.746230 
0.171099 0.461936 0.961628 0.448220 0.951494 0.083274 0.852151 0.218421 0.820122 0.515172 0.114652 0.853921 0.382159 0.753847 0.675449 0.959181 0.050388 0.819549 0.786774 0.285430 0.929258 0.398996 0.286433 0.311646 0.388351 0.541738 0.708935 0.733560 0.235435 0.491257 0.479790 0.406535 0.953193 0.441417 0.854755 0.904687 0.524691 0.706905 0.123108 0.344813 0.222077 0.237760 0.198734 0.604236 0.991607 0.874183 0.563417 0.041995 0.693732 0.350191 0.327425 0.622991 0.749187 0.613858 0.934637 0.137538 0.155596 0.643572 0.871098 0.391031 0.134830 0.350887 0.797565 0.088023 0.792305 0.652320 0.992710 
0.316996 0.359225 0.115818 0.661809 0.581303 0.353579 0.860543 0.185539 0.345186 0.734726 0.748955 0.387181 0.428458 0.099146 0.714606 0.051448 0.848333 0.328464 0.986085 0.985871 0.484060 0.629657 0.856969 0.875091 0.764487 0.207856 0.672657 0.852510 0.000161 0.324977 0.845220 0.317157 0.684202 0.961039 0.978965 0.265505 0.314618 0.839508 0.451043 0.659804 0.574234 0.199999 0.046985 0.002691 0.299145 0.761591 0.054140 0.147478 0.090056 0.040225 0.133349 0.574116 0.669882 0.990317 0.449207 0.434369 0.198173 0.121864 0.286878 0.198334 0.446840 0.132099 0.515491 0.131042 0.093137 0.494456 0.396547 
0.407755 0.333964 0.847590 0.067559 0.908198 0.047589 0.114544 0.910889 0.346734 0.876135 0.965029 0.494212 0.966191 0.005253 0.627560 0.540307 0.675135 0.617878 0.989514 0.109504 0.816051 0.111378 0.396382 0.014385 0.558218 0.528481 0.529876 0.689260 0.621618 0.024333 0.085807 0.029373 0.358297 0.933398 0.096932 0.266495 0.980987 0.211476 0.177384 0.327721 0.087612 0.142413 0.821932 0.053803 0.147666 0.449493 0.594109 0.822801 0.067370 0.583623 0.932305 0.883421 0.695001 0.328687 0.897807 0.253219 0.857168 0.427683 0.942479 0.478787 0.452016 0.028286 0.508160 0.810312 0.961684 0.605092 0.076807 
0.942671 0.816569 0.254191 0.270391 0.904180 0.396604 0.092324 0.957983 0.544270 0.541817 0.552092 0.367071 0.609187 0.135716 0.299376 0.492608 0.830717 0.628063 0.390415 0.083935 0.485231 0.818098 0.026414 0.964018 0.270113 0.054701 0.472178 0.080426 0.016384 0.077270 0.157233 0.959055 0.893839 0.411424 0.229446 0.798019 0.808028 0.321770 0.756003 0.352298 0.863587 0.308095 0.719369 0.472774 0.443811 0.018745 0.965382 0.274527 0.646808 0.355797 0.358463 0.132039 0.173895 0.384877 0.096057 0.444008 0.439578 0.568235 0.524434 0.455962 0.645506 0.681667 0.415017 0.539345 0.093091 0.644464 0.337364 
0.901119 0.966234 0.093367 0.253417 0.829821 0.401462 0.972786 0.302595 0.845272 0.991531 0.267976 0.119800 0.638340 0.623773 0.478263 0.770379 0.797668 0.863140 0.866436 0.241676 0.302718 0.434671 0.766109 0.758680 0.080177 0.447776 0.173698 0.619521 0.540868 0.818161 0.956886 0.441987 0.784396 0.050252 0.695404 0.614217 0.451714 0.668190 0.916811 0.296986 0.659722 0.184788 0.416786 0.298061 0.808561 0.895049 0.068440 0.606228 0.758189 0.934876 0.847904 0.060907 0.369548 0.614013 0.819587 0.449725 0.061790 0.993284 0.069246 0.602657 0.811446 0.026132 0.044644 0.595842 0.076384 0.740048 0.210058 
0.528098 0.408238 0.126869 0.825084 0.067960 0.311657 0.241870 0.366021 0.120218 0.136919 0.434461 0.726446 0.895108 0.369338 0.574350 0.956015 0.738885 0.188364 0.775602 0.188610 0.250153 0.768886 0.257856 0.852811 0.580332 0.283988 0.897455 0.176174 0.360372 0.637503 0.386232 0.888470 0.045741 0.513101 0.713553 0.113701 0.824758 0.955423 0.479723 0.944976 0.092342 0.914184 0.671422 0.987450 0.283522 0.245772 0.943465 0.022407 0.434136 0.719067 0.211017 0.684289 0.487953 0.468874 0.537100 0.068285 0.752862 0.434554 0.244458 0.113234 0.072057 0.630690 0.001703 0.117798 0.143791 0.715257 0.231500 
0.968549 0.670680 0.711222 0.913525 0.763022 0.625406 0.584947 0.750472 0.908928 0.830720 0.693937 0.931336 0.264856 0.413004 0.142353 0.949145 0.900957 0.611227 0.486245 0.969241 0.364088 0.920799 0.213700 0.477322 0.992857 0.844390 0.479025 0.110655 0.988181 0.194282 0.342155 0.956730 0.864962 0.053377 0.870256 0.627984 0.678783 0.455203 0.378456 0.587712 0.285923 0.072394 0.519047 0.550778 0.485397 0.661400 0.499923 0.386354 0.272627 0.986168 0.355595 0.636715 0.906968 0.569295 0.114037 0.899824 0.413685 0.593062 0.010479 0.401865 0.787344 0.352634 0.358596 0.652306 0.406011 0.228851 0.280290 
0.084794 0.684054 0.658746 0.672506 0.969977 0.731140 0.191553 0.520755 0.216537 0.852953 0.020679 0.602891 0.125580 0.006847 0.958486 0.762295 0.913815 0.527781 0.876332 0.813639 0.941466 0.469395 0.824118 0.343331 0.256739 0.176751 0.701927 0.909045 0.582762 0.930778 0.189335 0.667556 0.614833 0.848081 0.340062 0.584809 0.579220 0.531614 0.105565 0.795757 0.384567 0.126244 0.398648 0.510147 0.133091 0.357135 0.272442 0.046906 0.884916 0.148774 0.860544 0.826382 0.618169 0.684662 0.169713 0.874908 0.861413 0.871640 0.783953 0.444175 0.802419 0.973287 0.111731 0.417251 0.821368 0.451793 0.002061 
0.400588 0.983407 0.107626 0.196345 0.367974 0.233869 0.594994 0.878122 0.366960 0.952128 0.150564 0.413866 0.837044 0.299338 0.274410 0.663426 0.917507 0.959073 0.833139 0.792415 0.820486 0.704780 0.576368 0.264661 0.507198 0.549655 0.376392 0.924449 0.371023 0.828185 0.926510 0.771612 0.811592 0.034136 0.967957 0.179566 0.268005 0.562950 0.057688 0.634966 0.515079 0.208252 0.048832 0.352123 0.507590 0.323242 0.015549 0.425097 0.282315 0.848688 0.217513 0.102801 0.553467 0.793881 0.367462 0.060666 0.343536 0.743854 0.985115 0.714560 0.572039 0.911625 0.486171 0.383631 0.945761 0.454128 0.563197 
0.213766 0.017078 0.620885 0.848732 0.532157 0.829137 0.897564 0.884280 0.336727 0.220806 0.899828 0.761824 0.503121 0.748516 0.979337 0.605922 0.301984 0.773218 0.973383 0.362649 0.116754 0.717238 0.347764 0.831314 0.289277 0.259389 0.317485 0.672908 0.205150 0.771613 0.236105 0.418916 0.788692 0.856990 0.267648 0.320849 0.686127 0.165212 0.205128 0.022854 0.386018 0.104956 0.784678 0.889138 0.853473 0.764015 0.495060 0.155456 0.537233 0.468443 0.518105 0.653987 0.185681 0.865869 0.485301 0.474958 0.125259 0.802786 0.147865 0.330409 0.574399 0.383970 0.749325 0.363090 0.240960 0.016973 0.683939 
0.927087 0.182185 0.889067 0.949940 0.568202 0.994024 0.734618 0.457341 0.847496 0.498633 0.952401 0.002952 0.035866 0.420844 0.521057 0.689852 0.606525 0.386927 0.175153 0.081483 0.512185 0.977939 0.229348 0.842594 0.552338 0.613319 0.591919 0.915428 0.854279 0.608892 0.599367 0.781365 0.791077 0.488434 0.731305 0.359279 0.482458 0.465923 0.816620 0.329954 0.964556 0.769020 0.332906 0.000422 0.189864 0.853964 0.690274 0.796390 0.240891 0.865427 0.877873 0.753076 0.843366 0.107221 0.595670 0.395704 0.720540 0.187589 0.311132 0.574819 0.796481 0.910499 0.356184 0.587557 0.398934 0.087489 0.946836 
0.881392 0.553413 0.763456 0.211346 0.517969 0.532476 0.544252 0.518391 0.722341 0.398216 0.208665 0.518730 0.639106 0.074092 0.396603 0.392182 0.917459 0.503825 0.987852 0.313163 0.224365 0.175441 0.624295 0.799183 0.971922 0.534794 0.155367 0.559479 0.933728 0.242856 0.506316 0.815119 0.796269 0.269772 0.026465 0.314238 0.802248 0.570717 0.832628 0.524589 0.968932 0.041293 0.043319 0.608038 0.115386 0.439922 0.000220 0.032844 0.943747 0.988073 0.346007 0.168112 0.163513 0.970301 0.967295 0.135435 0.505096 0.122662 0.694914 0.438823 0.365518 0.201230 0.253943 0.161787 0.471002 0.280408 0.476025 
0.273249 0.851125 0.308653 0.797838 0.820057 0.349946 0.841157 0.428096 0.465332 0.281079 0.428316 0.498176 0.224826 0.416389 0.844182 0.392938 0.579902 0.814484 0.360233 0.715337 0.319579 0.482895 0.410252 0.758403 0.848413 0.611482 0.012346 0.010200 0.082483 0.292754 0.486225 0.355733 0.143879 0.794877 0.153571 0.963936 0.144824 0.994728 0.392031 0.610155 0.275807 0.820348 0.108331 0.500633 0.236736 0.952513 0.893571 0.816638 0.766997 0.253804 0.531976 0.086577 0.736698 0.942227 0.844979 0.585111 0.553709 0.857325 0.595311 0.636193 0.150079 0.081536 0.991925 0.293958 0.876413 0.145496 0.257893 
0.021237 0.140224 0.649925 0.631392 0.416031 0.470272 0.739723 0.916664 0.707008 0.692236 0.810234 0.523647 0.459233 0.064038 0.055622 0.545810 0.800736 0.997850 0.390789 0.385848 0.551559 0.248115 0.981159 0.187751 0.398194 0.062695 0.179677 0.692151 0.939108 0.325173 0.950045 0.960345 0.465397 0.599969 0.591737 0.881428 0.070241 0.331460 0.798091 0.777250 0.023696 0.608326 0.300896 0.482929 0.672364 0.356519 0.028739 0.473100 0.354368 0.419529 0.858948 0.905927 0.667643 0.840107 0.093679 0.065837 0.902802 0.273356 0.757988 0.841911 0.598529 0.708033 0.802256 0.063926 0.308002 0.393993 0.945354 
0.267719 0.071216 0.319095 0.016016 0.001841 0.006812 0.004255 0.020484 0.000000 0.005291 0.001001 0.000000 0.000000 0.000014 0.000436 0.000000 0.000014 0.000782 0.001267 0.000000 0.000016 0.013270 0.056789 0.000386 0.000000 0.001052 0.001601 0.000022 0.000000 0.000001 0.000367 0.000000 0.000000 0.000000 0.000000 0.000000 0.000000 0.000000 0.036264 0.000258 0.000000 0.000034 0.166137 0.006121 0.000000 0.000000 0.000039 0.000068 0.000000 0.000000 0.000000 0.000000 0.000000 0.000000 0.000000 0.000000 0.000000 0.000000 0.000000 0.000588 0.000000 0.000000 0.000004 0.000738 0.009827 0.019546 0.028658 
0.962740 0.252069 0.456195 0.130136 0.242952 0.560942 0.794767 0.401111 0.346035 0.815580 0.632474 0.479116 0.032684 0.030719 0.026024 0.348880 0.869202 0.744746 0.606080 0.746452 0.343315 0.606539 0.726394 0.129733 0.744248 0.754382 0.482242 0.744662 0.573861 0.556337 0.356928 0.536601 0.808407 0.813123 0.666738 0.051359 0.374065 0.461504 0.452470 0.720100 0.277084 0.084944 0.199216 0.309768 0.115663 0.225240 0.658649 0.984865 0.969986 0.264729 0.731317 0.313300 0.871267 0.457711 0.443033 0.615516 0.212093 0.925276 0.360178 0.785954 0.481613 0.717106 0.322555 0.290020 0.530229 0.989293 0.341379 
0.904294 0.450797 0.793849 0.624393 0.727881 0.878793 0.823609 0.037650 0.994456 0.048849 0.696299 0.979321 0.018835 0.961027 0.710638 0.332135 0.832295 0.168349 0.775168 0.447811 0.380442 0.700444 0.807989 0.166395 0.182057 0.525094 0.488950 0.472076 0.055323 0.478243 0.813455 0.959617 0.929040 0.607304 0.584010 0.656921 0.486097 0.407619 0.694571 0.480553 0.456469 0.390870 0.459874 0.475303 0.351897 0.170512 0.807439 0.184192 0.338861 0.582607 0.632003 0.719303 0.283051 0.439992 0.885698 0.465107 0.965086 0.374648 0.937184 0.020409 0.852892 0.750639 0.980026 0.781932 0.357942 0.564036 0.438853 
0.844039 0.971655 0.133424 0.324592 0.428124 0.524294 0.784466 0.903427 0.876191 0.954978 0.710866 0.060383 0.293839 0.293473 0.692386 0.013141 0.576523 0.132378 0.898839 0.041631 0.097464 0.273488 0.978814 0.117873 0.126379 0.729453 0.097899 0.908311 0.087395 0.661935 0.347164 0.931435 0.633590 0.480587 0.256026 0.061714 0.004881 0.040492 0.965141 0.881072 0.995469 0.676007 0.941455 0.289308 0.969480 0.633841 0.302449 0.546003 0.766218 0.201288 0.587634 0.863682 0.474776 0.566448 0.981555 0.601155 0.295901 0.079453 0.509466 0.383296 0.741388 0.856629 0.314731 0.374978 0.337217 0.570757 0.436692 
0.342098 0.611249 0.401833 0.223170 0.606718 0.077841 0.164625 0.896026 0.047321 0.798466 0.198475 0.593324 0.564684 0.399764 0.180958 0.428366 0.874540 0.747406 0.409921 0.475695 0.043307 0.489374 0.985161 0.426603 0.230762 0.841790 0.741334 0.605740 0.179007 0.312091 0.042432 0.521105 0.923340 0.444265 0.744275 0.530058 0.522106 0.908900 0.426085 0.569426 0.707365 0.624560 0.162750 0.272049 0.024324 0.343708 0.700415 0.898863 0.091114 0.110336 0.374558 0.134421 0.599710 0.359719 0.561024 0.830472 0.201509 0.302358 0.436212 0.380516 0.614450 0.478643 0.901621 0.537790 0.922909 0.645896 0.067848 
0.445014 0.554796 0.493933 0.014441 0.262161 0.118493 0.177191 0.534211 0.142817 0.520899 0.234626 0.041680 0.612013 0.344961 0.416238 0.746434 0.944671 0.775958 0.307459 0.775143 0.977467 0.609817 0.211354 0.357983 0.224267 0.689998 0.259604 0.762056 0.612907 0.905501 0.829904 0.057921 0.460297 0.323837 0.072362 0.722458 0.442330 0.249553 0.256669 0.585147 0.770452 0.491295 0.626827 0.382466 0.836256 0.043065 0.128900 0.780927 0.819023 0.436359 0.556070 0.796489 0.046176 0.767424 0.154472 0.270442 0.457422 0.414077 0.032499 0.070329 0.319577 0.862403 0.128250 0.779874 0.186240 0.200612 0.502332 
0.628570 0.450165 0.759001 0.213717 0.220617 0.250295 0.840544 0.603083 0.086551 0.883609 0.731983 0.867479 0.702631 0.168342 0.423549 0.499121 0.214518 0.190973 0.653593 0.484961 0.648395 0.067670 0.517459 0.718724 0.387247 0.379863 0.846974 0.167121 0.566103 0.047586 0.669453 0.194673 0.497750 0.428453 0.408390 0.718368 0.678749 0.248934 0.321451 0.765300 0.132542 0.053434 0.632779 0.835173 0.221777 0.056327 0.334294 0.436295 0.247300 0.987887 0.921255 0.895695 0.055557 0.438715 0.614419 0.442803 0.818578 0.461393 0.609924 0.384680 0.508979 0.279377 0.579354 0.006729 0.707830 0.987744 0.725097 
0.386579 0.236677 0.046548 0.151879 0.369219 0.099982 0.784658 0.204393 0.321759 0.840985 0.538687 0.758053 0.088285 0.526574 0.679309 0.983980 0.582131 0.118024 0.598400 0.024934 0.936601 0.059793 0.634858 0.321282 0.568772 0.914235 0.900635 0.575501 0.622065 0.888379 0.300598 0.008644 0.125056 0.347146 0.160523 0.494276 0.447128 0.945180 0.698669 0.768887 0.786165 0.237356 0.526940 0.874450 0.763930 0.206249 0.858430 0.346060 0.324272 0.456830 0.370994 0.260874 0.516623 0.005852 0.582156 0.085395 0.920087 0.482791 0.660896 0.542152 0.371170 0.961494 0.550796 0.496227 0.308640 0.711318 0.990502 
0.755768 0.656498 0.689171 0.524655 0.442664 0.926527 0.051594 0.317114 0.690457 0.257843 0.175544 0.036517 0.582116 0.632374 0.407511 0.842989 0.148997 0.413363 0.425145 0.234392 0.333450 0.907936 0.895289 0.875602 0.279106 0.856783 0.426398 0.775333 0.165423 0.137716 0.765835 0.921191 0.794214 0.455007 0.445846 0.236878 0.381533 0.497440 0.553992 0.071990 0.755283 0.729536 0.108507 0.337399 0.361910 0.516018 0.180388 0.510907 0.929381 0.605533 0.745300 0.262832 0.513469 0.640588 0.138434 0.792576 0.497371 0.564832 0.567909 0.662794 0.702548 0.333744 0.583985 0.496763 0.788751 0.029831 0.733641 
0.170284 0.527271 0.287632 0.242274 0.282554 0.017168 0.350781 0.619953 0.379078 0.866799 0.800341 0.889985 0.796181 0.405875 0.635285 0.059013 0.919344 0.275874 0.197447 0.711920 0.773245 0.762279 0.279829 0.436039 0.464827 0.613573 0.020024 0.961590 0.402324 0.049855 0.695230 0.572609 0.577126 0.982863 0.814883 0.859681 0.000031 0.165665 0.479634 0.379109 0.032464 0.279975 0.269094 0.828644 0.685850 0.904379 0.887657 0.605194 0.180253 0.085104 0.317114 0.953498 0.847382 0.596943 0.389537 0.312209 0.210516 0.409561 0.273799 0.612841 0.459416 0.969029 0.185449 0.036542 0.951892 0.000333 0.896223 
0.951922 0.165997 0.375857 0.331031 0.198461 0.655832 0.600125 0.027106 0.341682 0.504505 0.914763 0.946876 0.684758 0.999866 0.263990 0.638256 0.847249 0.860933 0.027792 0.159458 0.071449 0.437353 0.433257 0.684290 0.896769 0.402286 0.869739 0.933311 0.354178 0.870072 0.829534 0.306100 0.036069 0.205391 0.637131 0.234530 0.861223 0.237257 0.261636 0.202905 0.741762 0.176398 0.149781 0.426520 0.176265 0.413771 0.064775 0.023513 0.274704 0.092568 0.182971 0.346153 0.529921 0.616228 0.030443 0.426689 0.018514 0.900182 0.360000 0.372692 0.770254 0.189534 0.678792 0.806323 0.394925 0.315923 0.040853 
0.256148 0.553180 0.302489 0.459053 0.294942 0.478887 0.608834 0.721461 0.655152 0.022606 0.786237 0.678665 0.297310 0.878804 0.861637 0.643463 0.408725 0.477865 0.673906 0.835414 0.496379 0.574088 0.195414 0.869070 0.344342 0.384948 0.547862 0.150665 0.779873 0.863786 0.191518 0.036021 0.416966 0.494007 0.495074 0.711907 0.972894 0.103908 0.433369 0.628046 0.126514 0.219605 0.306711 0.423823 0.098410 0.168348 0.067287 0.507135 0.646212 0.741193 0.342549 0.142591 0.315281 0.537963 0.011662 0.659623 0.922912 0.559524 0.810287 0.702785 0.423309 0.001805 0.738805 0.840275 0.495812 0.233879 0.552182 
