60 66
0.005754 0.011981 0.622559 0.000000 0.000000 0.000000 0.000000 0.000000 0.000000 0.000000 0.000000 0.000000 0.000000 0.000000 0.000000 0.000000 0.000000 0.000000 0.054932 0.000000 0.000000 0.000000 0.003174 0.000000 0.000000 0.000000 0.000000 0.000000 0.000000 0.000000 0.000000 0.000000 0.000000 0.000000 0.022705 0.000000 0.000000 0.000000 0.208008 0.000488 0.000000 0.000000 0.000000 0.000000 0.000000 0.000000 0.000000 0.000000 0.000000 0.000000 0.000000 0.000000 0.000000 0.000000 0.077881 0.000244 0.000000 0.000000 0.000488 0.008545 0.000244 0.000000 0.000000 0.000000 0.000732 0.000000 
0.005505 0.011492 0.602295 0.000000 0.000000 0.000000 0.000000 0.000000 0.000000 0.000000 0.000000 0.000000 0.000000 0.000000 0.000000 0.000000 0.000000 0.000000 0.093018 0.000000 0.000000 0.000000 0.001953 0.000000 0.000000 0.000000 0.000000 0.000000 0.000000 0.000000 0.000000 0.000000 0.000000 0.000000 0.027588 0.000000 0.000000 0.000000 0.222412 0.000000 0.000000 0.000000 0.000000 0.000000 0.000000 0.000000 0.000000 0.000000 0.000000 0.000000 0.000000 0.000000 0.000000 0.000000 0.052734 0.000000 0.000000 0.000000 0.000000 0.000000 0.000000 0.000000 0.000000 0.000000 0.000000 0.000000 
0.005352 0.011183 0.679688 0.000000 0.000000 0.000000 0.000000 0.000000 0.000000 0.000000 0.000000 0.000000 0.000000 0.000000 0.000000 0.000000 0.000000 0.000000 0.165283 0.000000 0.000000 0.000000 0.000000 0.000000 0.000000 0.000000 0.000000 0.000000 0.000000 0.000000 0.000000 0.000000 0.000000 0.000000 0.026855 0.000000 0.000000 0.000000 0.127686 0.000000 0.000000 0.000000 0.000000 0.000000 0.000000 0.000000 0.000000 0.000000 0.000000 0.000000 0.000000 0.000000 0.000000 0.000000 0.000488 0.000000 0.000000 0.000000 0.000000 0.000000 0.000000 0.000000 0.000000 0.000000 0.000000 0.000000 
0.013602 0.031338 0.617676 0.000000 0.000000 0.000000 0.000000 0.000000 0.000000 0.000000 0.000000 0.000000 0.000000 0.000000 0.000000 0.000000 0.000000 0.000000 0.106201 0.000000 0.000000 0.000000 0.000000 0.000000 0.000000 0.000000 0.000000 0.000000 0.000000 0.000000 0.000000 0.000000 0.000000 0.000000 0.026855 0.000000 0.000000 0.000000 0.160889 0.000000 0.000000 0.000000 0.000000 0.000000 0.000000 0.000000 0.000000 0.000000 0.000000 0.000000 0.000000 0.000000 0.000000 0.000000 0.064941 0.002441 0.000000 0.000000 0.001953 0.017090 0.001465 0.000000 0.000000 0.000000 0.000488 0.000000 
0.020721 0.043817 0.620850 0.000000 0.000000 0.000000 0.000000 0.000000 0.000000 0.000000 0.000000 0.000000 0.000000 0.000000 0.000000 0.000000 0.000000 0.000000 0.053711 0.000000 0.000000 0.000000 0.003418 0.000000 0.000000 0.000000 0.000000 0.000000 0.000000 0.000000 0.000000 0.000000 0.000000 0.000000 0.024658 0.000000 0.000000 0.000000 0.209961 0.000244 0.000000 0.000000 0.000000 0.000000 0.000000 0.000000 0.000000 0.000000 0.000000 0.000000 0.000000 0.000000 0.000000 0.000000 0.076416 0.000488 0.000000 0.000000 0.000732 0.008057 0.000732 0.000000 0.000000 0.000000 0.000732 0.000000 
0.016018 0.034718 0.599854 0.000000 0.000000 0.000000 0.000000 0.000000 0.000000 0.000000 0.000000 0.000000 0.000000 0.000000 0.000000 0.000000 0.000000 0.000000 0.095215 0.000000 0.000000 0.000000 0.002441 0.000000 0.000000 0.000000 0.000000 0.000000 0.000000 0.000000 0.000000 0.000000 0.000000 0.000000 0.029541 0.000000 0.000000 0.000000 0.228027 0.000244 0.000000 0.000000 0.000000 0.000000 0.000000 0.000000 0.000000 0.000000 0.000000 0.000000 0.000000 0.000000 0.000000 0.000000 0.044678 0.000000 0.000000 0.000000 0.000000 0.000000 0.000000 0.000000 0.000000 0.000000 0.000000 0.000000 
0.006872 0.013383 0.682861 0.000000 0.000000 0.000000 0.000000 0.000000 0.000000 0.000000 0.000000 0.000000 0.000000 0.000000 0.000000 0.000000 0.000000 0.000000 0.166992 0.000000 0.000000 0.000000 0.000000 0.000000 0.000000 0.000000 0.000000 0.000000 0.000000 0.000000 0.000000 0.000000 0.000000 0.000000 0.023438 0.000000 0.000000 0.000000 0.126709 0.000000 0.000000 0.000000 0.000000 0.000000 0.000000 0.000000 0.000000 0.000000 0.000000 0.000000 0.000000 0.000000 0.000000 0.000000 0.000000 0.000000 0.000000 0.000000 0.000000 0.000000 0.000000 0.000000 0.000000 0.000000 0.000000 0.000000 
0.013969 0.030183 0.608887 0.000000 0.000000 0.000000 0.000000 0.000000 0.000000 0.000000 0.000000 0.000000 0.000000 0.000000 0.000000 0.000000 0.000000 0.000000 0.105469 0.000000 0.000000 0.000000 0.000000 0.000000 0.000000 0.000000 0.000000 0.000000 0.000000 0.000000 0.000000 0.000000 0.000000 0.000000 0.025879 0.000000 0.000000 0.000000 0.163086 0.000244 0.000000 0.000000 0.000000 0.000000 0.000000 0.000000 0.000000 0.000000 0.000000 0.000000 0.000000 0.000000 0.000000 0.000000 0.072998 0.001953 0.000000 0.000000 0.001709 0.019775 0.000000 0.000000 0.000000 0.000000 0.000000 0.000000 
0.007045 0.013411 0.610107 0.000000 0.000000 0.000000 0.000000 0.000000 0.000000 0.000000 0.000000 0.000000 0.000000 0.000000 0.000000 0.000000 0.000000 0.000000 0.062988 0.000000 0.000000 0.000000 0.003906 0.000000 0.000000 0.000000 0.000000 0.000000 0.000000 0.000000 0.000000 0.000000 0.000000 0.000000 0.028564 0.000000 0.000000 0.000000 0.210449 0.000244 0.000000 0.000000 0.000000 0.000000 0.000000 0.000000 0.000000 0.000000 0.000000 0.000000 0.000000 0.000000 0.000000 0.000000 0.073242 0.000977 0.000000 0.000000 0.000977 0.008057 0.000488 0.000000 0.000000 0.000000 0.000000 0.000000 
0.012001 0.026749 0.572510 0.000000 0.000000 0.000000 0.000000 0.000000 0.000000 0.000000 0.000000 0.000000 0.000000 0.000000 0.000000 0.000000 0.000000 0.000000 0.108887 0.000000 0.000000 0.000000 0.003418 0.000000 0.000000 0.000000 0.000000 0.000000 0.000000 0.000000 0.000000 0.000000 0.000000 0.000000 0.030518 0.000000 0.000000 0.000000 0.233643 0.000000 0.000000 0.000000 0.000000 0.000000 0.000000 0.000000 0.000000 0.000000 0.000000 0.000000 0.000000 0.000000 0.000000 0.000000 0.051025 0.000000 0.000000 0.000000 0.000000 0.000000 0.000000 0.000000 0.000000 0.000000 0.000000 0.000000 
0.014710 0.034058 0.668945 0.000000 0.000000 0.000000 0.000000 0.000000 0.000000 0.000000 0.000000 0.000000 0.000000 0.000000 0.000000 0.000000 0.000000 0.000000 0.171631 0.000000 0.000000 0.000000 0.000000 0.000000 0.000000 0.000000 0.000000 0.000000 0.000000 0.000000 0.000000 0.000000 0.000000 0.000000 0.025879 0.000000 0.000000 0.000000 0.133057 0.000000 0.000000 0.000000 0.000000 0.000000 0.000000 0.000000 0.000000 0.000000 0.000000 0.000000 0.000000 0.000000 0.000000 0.000000 0.000488 0.000000 0.000000 0.000000 0.000000 0.000000 0.000000 0.000000 0.000000 0.000000 0.000000 0.000000 
0.007483 0.014119 0.616943 0.000000 0.000000 0.000000 0.000000 0.000000 0.000000 0.000000 0.000000 0.000000 0.000000 0.000000 0.000000 0.000000 0.000000 0.000000 0.109375 0.000000 0.000000 0.000000 0.000000 0.000000 0.000000 0.000000 0.000000 0.000000 0.000000 0.000000 0.000000 0.000000 0.000000 0.000000 0.027344 0.000000 0.000000 0.000000 0.157227 0.000244 0.000000 0.000000 0.000000 0.000000 0.000000 0.000000 0.000000 0.000000 0.000000 0.000000 0.000000 0.000000 0.000000 0.000000 0.067871 0.002686 0.000000 0.000000 0.000732 0.016602 0.000977 0.000000 0.000000 0.000000 0.000000 0.000000 
0.006709 0.011878 0.733398 0.000000 0.000000 0.000000 0.036865 0.046387 0.000000 0.000000 0.000000 0.077148 0.000244 0.000000 0.000000 0.000000 0.000000 0.000000 0.000000 0.000000 0.000000 0.000000 0.000000 0.017578 0.000000 0.000000 0.000000 0.054199 0.011963 0.000000 0.000000 0.000000 0.000000 0.000000 0.000000 0.000000 0.000000 0.000000 0.000000 0.000000 0.000000 0.000000 0.000000 0.001709 0.016113 0.000000 0.000000 0.000000 0.002686 0.000732 0.000000 0.000000 0.000000 0.000000 0.000000 0.000000 0.000000 0.000000 0.000000 0.000000 0.000000 0.000000 0.000000 0.000000 0.000488 0.000488 
0.014683 0.033564 0.217529 0.000000 0.000000 0.000000 0.041504 0.052979 0.000000 0.000000 0.000000 0.228760 0.065430 0.000000 0.000000 0.001465 0.026123 0.000000 0.000000 0.000000 0.000000 0.000000 0.002197 0.100830 0.000000 0.000000 0.000000 0.110840 0.053223 0.000000 0.000000 0.000000 0.052002 0.000000 0.000000 0.000000 0.000000 0.000000 0.000000 0.000488 0.000000 0.000000 0.000000 0.003418 0.036377 0.000000 0.000000 0.000000 0.003662 0.001465 0.000000 0.000000 0.000000 0.000000 0.000000 0.000000 0.000000 0.000000 0.000000 0.000000 0.000000 0.000000 0.000000 0.000000 0.001221 0.000488 
0.009908 0.017210 0.253418 0.000000 0.000000 0.000000 0.054688 0.403076 0.000244 0.000000 0.000000 0.069824 0.022461 0.000000 0.000000 0.004395 0.011719 0.000000 0.000000 0.000000 0.000000 0.000000 0.000000 0.005615 0.013428 0.002686 0.000000 0.021240 0.061035 0.000244 0.000000 0.000000 0.000000 0.000000 0.000000 0.000000 0.000000 0.000000 0.000000 0.000000 0.005615 0.007324 0.000000 0.000000 0.011230 0.034668 0.000000 0.000000 0.000000 0.008789 0.000000 0.000000 0.000000 0.000000 0.000000 0.000000 0.000000 0.000000 0.000000 0.000000 0.000000 0.002441 0.000000 0.000000 0.000000 0.005859 
0.015149 0.041923 0.633057 0.000000 0.000000 0.000000 0.025635 0.161865 0.000000 0.000000 0.000000 0.103027 0.019043 0.000000 0.000000 0.000488 0.023682 0.000000 0.000000 0.000000 0.000000 0.000000 0.000000 0.001953 0.000000 0.000000 0.000000 0.000732 0.010254 0.000000 0.000000 0.000000 0.020264 0.000000 0.000000 0.000000 0.000000 0.000000 0.000000 0.000000 0.000000 0.000000 0.000000 0.000000 0.000000 0.000000 0.000000 0.000000 0.000000 0.000000 0.000000 0.000000 0.000000 0.000000 0.000000 0.000000 0.000000 0.000000 0.000000 0.000000 0.000000 0.000000 0.000000 0.000000 0.000000 0.000000 
0.015587 0.043544 0.869141 0.000000 0.000000 0.000000 0.009521 0.024902 0.000000 0.000000 0.000000 0.041260 0.006836 0.000000 0.000000 0.000000 0.000244 0.000000 0.000000 0.000000 0.000000 0.000000 0.000000 0.015381 0.000000 0.000000 0.000000 0.020996 0.001465 0.000000 0.000000 0.000000 0.002197 0.000000 0.000000 0.000000 0.000000 0.000000 0.000000 0.000000 0.000000 0.000000 0.000000 0.000488 0.007568 0.000000 0.000000 0.000000 0.000000 0.000000 0.000000 0.000000 0.000000 0.000000 0.000000 0.000000 0.000000 0.000000 0.000000 0.000000 0.000000 0.000000 0.000000 0.000000 0.000000 0.000000 
0.011958 0.028478 0.619385 0.000000 0.000000 0.000000 0.020264 0.038818 0.000488 0.000000 0.000000 0.151611 0.016602 0.000000 0.000000 0.000000 0.005371 0.000000 0.000000 0.000000 0.000244 0.000000 0.000977 0.016357 0.010010 0.000000 0.000000 0.027588 0.026611 0.000000 0.000000 0.000000 0.039551 0.000000 0.000000 0.000000 0.000000 0.000000 0.000000 0.000000 0.002197 0.000732 0.000000 0.000000 0.012695 0.006836 0.000000 0.000000 0.000488 0.001221 0.000000 0.000000 0.000000 0.000000 0.000000 0.000000 0.000000 0.000000 0.000000 0.000000 0.000000 0.001221 0.000000 0.000000 0.000000 0.000732 
0.016594 0.038348 0.653809 0.000000 0.000000 0.000000 0.102295 0.051270 0.000000 0.000000 0.000000 0.151123 0.003906 0.000000 0.000000 0.000244 0.003174 0.000000 0.000000 0.000000 0.000000 0.000000 0.000000 0.010010 0.000000 0.000000 0.000000 0.004150 0.001465 0.000000 0.000000 0.000000 0.017822 0.000000 0.000000 0.000000 0.000000 0.000000 0.000000 0.000000 0.000000 0.000000 0.000000 0.000000 0.000732 0.000000 0.000000 0.000000 0.000000 0.000000 0.000000 0.000000 0.000000 0.000000 0.000000 0.000000 0.000000 0.000000 0.000000 0.000000 0.000000 0.000000 0.000000 0.000000 0.000000 0.000000 
0.006252 0.011094 0.896484 0.000000 0.000000 0.000000 0.017090 0.041504 0.000000 0.000000 0.000000 0.012939 0.000244 0.000000 0.000000 0.000000 0.000000 0.000000 0.000000 0.000000 0.000000 0.000000 0.000488 0.022949 0.000000 0.000000 0.000000 0.006836 0.000732 0.000000 0.000000 0.000000 0.000000 0.000000 0.000000 0.000000 0.000000 0.000000 0.000000 0.000000 0.000000 0.000000 0.000000 0.000244 0.000488 0.000000 0.000000 0.000000 0.000000 0.000000 0.000000 0.000000 0.000000 0.000000 0.000000 0.000000 0.000000 0.000000 0.000000 0.000000 0.000000 0.000000 0.000000 0.000000 0.000000 0.000000 
0.016255 0.037882 0.850830 0.000000 0.000000 0.000000 0.013672 0.031494 0.000000 0.000000 0.000000 0.031982 0.002686 0.000000 0.000000 0.000000 0.000000 0.000000 0.000000 0.000000 0.000000 0.000000 0.000244 0.017090 0.000977 0.000000 0.000000 0.025879 0.011230 0.000000 0.000000 0.000000 0.000000 0.000000 0.000000 0.000000 0.000000 0.000000 0.000000 0.000000 0.000244 0.000000 0.000000 0.000977 0.009766 0.001709 0.000000 0.000000 0.000977 0.000244 0.000000 0.000000 0.000000 0.000000 0.000000 0.000000 0.000000 0.000000 0.000000 0.000000 0.000000 0.000000 0.000000 0.000000 0.000000 0.000000 
0.017579 0.037442 0.483398 0.000000 0.000000 0.000000 0.023193 0.039551 0.000000 0.000000 0.000000 0.139160 0.033691 0.000000 0.000000 0.001221 0.014160 0.000000 0.000000 0.000000 0.000000 0.000000 0.000488 0.091064 0.000000 0.000000 0.000000 0.055664 0.027588 0.000000 0.000000 0.000977 0.031738 0.000000 0.000000 0.000000 0.000000 0.000000 0.000000 0.000000 0.000000 0.000000 0.000000 0.003662 0.048584 0.000000 0.000000 0.000000 0.005127 0.000732 0.000000 0.000000 0.000000 0.000000 0.000000 0.000000 0.000000 0.000000 0.000000 0.000000 0.000000 0.000000 0.000000 0.000000 0.000000 0.000000 
0.009361 0.016472 0.499268 0.000000 0.000000 0.000000 0.064209 0.199951 0.000244 0.000000 0.000000 0.129150 0.010254 0.000000 0.000000 0.000732 0.014893 0.000000 0.000000 0.000000 0.000000 0.000000 0.000000 0.002441 0.010498 0.000000 0.000000 0.003662 0.027588 0.000244 0.000000 0.000000 0.005371 0.000000 0.000000 0.000000 0.000000 0.000000 0.000000 0.000000 0.003662 0.002441 0.000000 0.000000 0.003906 0.017090 0.000000 0.000000 0.000244 0.001465 0.000000 0.000000 0.000000 0.000000 0.000000 0.000000 0.000000 0.000000 0.000000 0.000000 0.000000 0.000732 0.000000 0.000000 0.000000 0.001953 
0.007649 0.013844 0.849854 0.000000 0.000000 0.000000 0.007080 0.076904 0.000000 0.000000 0.000000 0.049316 0.000000 0.000000 0.000000 0.000488 0.002197 0.000000 0.000000 0.000000 0.000000 0.000000 0.000244 0.006348 0.000000 0.000000 0.000000 0.001465 0.003418 0.000000 0.000000 0.000000 0.001709 0.000000 0.000000 0.000000 0.000000 0.000000 0.000000 0.000000 0.000000 0.000000 0.000000 0.000000 0.000977 0.000000 0.000000 0.000000 0.000000 0.000000 0.000000 0.000000 0.000000 0.000000 0.000000 0.000000 0.000000 0.000000 0.000000 0.000000 0.000000 0.000000 0.000000 0.000000 0.000000 0.000000 
0.019944 0.040264 0.230469 0.036133 0.127930 0.000000 0.000000 0.001953 0.001709 0.000000 0.000000 0.000000 0.000000 0.000000 0.000000 0.000000 0.000000 0.000000 0.000000 0.001465 0.000732 0.000000 0.000000 0.035889 0.145996 0.000000 0.000000 0.000000 0.000000 0.000000 0.000000 0.000000 0.000000 0.000000 0.000000 0.000000 0.000000 0.000000 0.000000 0.000000 0.067139 0.000000 0.000000 0.000000 0.350586 0.000000 0.000000 0.000000 0.000000 0.000000 0.000000 0.000000 0.000000 0.000000 0.000000 0.000000 0.000000 0.000000 0.000000 0.000000 0.000000 0.000000 0.000000 0.000000 0.000000 0.000000 
0.004970 0.010378 0.189209 0.021973 0.136230 0.000000 0.000000 0.000000 0.000000 0.000000 0.000000 0.000000 0.000000 0.000000 0.000000 0.000000 0.000000 0.000000 0.000000 0.001221 0.001465 0.000000 0.000000 0.016602 0.107910 0.000000 0.000000 0.000000 0.000000 0.000000 0.000000 0.000000 0.000000 0.000000 0.000000 0.000000 0.000000 0.000000 0.000000 0.000000 0.084717 0.001709 0.000000 0.000000 0.403076 0.029785 0.000000 0.000000 0.000000 0.000000 0.000000 0.000000 0.000000 0.000000 0.000000 0.000000 0.000000 0.000000 0.000000 0.000000 0.000000 0.002686 0.000000 0.000000 0.000000 0.003418 
0.017529 0.040659 0.368408 0.165283 0.466309 0.000000 0.000000 0.000000 0.000000 0.000000 0.000000 0.000000 0.000000 0.000000 0.000000 0.000000 0.000000 0.000000 0.000000 0.000000 0.000000 0.000000 0.000000 0.000000 0.000000 0.000000 0.000000 0.000000 0.000000 0.000000 0.000000 0.000000 0.000000 0.000000 0.000000 0.000000 0.000000 0.000000 0.000000 0.000000 0.000000 0.000000 0.000000 0.000000 0.000000 0.000000 0.000000 0.000000 0.000000 0.000000 0.000000 0.000000 0.000000 0.000000 0.000000 0.000000 0.000000 0.000000 0.000000 0.000000 0.000000 0.000000 0.000000 0.000000 0.000000 0.000000 
0.007079 0.013595 0.309570 0.050049 0.634521 0.005859 0.000000 0.000000 0.000000 0.000000 0.000000 0.000000 0.000000 0.000000 0.000000 0.000000 0.000000 0.000000 0.000000 0.000000 0.000000 0.000000 0.000000 0.000000 0.000000 0.000000 0.000000 0.000000 0.000000 0.000000 0.000000 0.000000 0.000000 0.000000 0.000000 0.000000 0.000000 0.000000 0.000000 0.000000 0.000000 0.000000 0.000000 0.000000 0.000000 0.000000 0.000000 0.000000 0.000000 0.000000 0.000000 0.000000 0.000000 0.000000 0.000000 0.000000 0.000000 0.000000 0.000000 0.000000 0.000000 0.000000 0.000000 0.000000 0.000000 0.000000 
0.007505 0.013982 0.565186 0.070557 0.106201 0.014648 0.000000 0.006592 0.029785 0.170166 0.000000 0.000000 0.000000 0.000000 0.000000 0.000000 0.000000 0.000000 0.000000 0.000000 0.000000 0.000000 0.000000 0.016846 0.015625 0.001465 0.000000 0.000000 0.000000 0.000977 0.000000 0.000000 0.000000 0.000000 0.000000 0.000000 0.000000 0.000000 0.000000 0.000000 0.000000 0.000000 0.000000 0.000000 0.001465 0.000488 0.000000 0.000000 0.000000 0.000000 0.000000 0.000000 0.000000 0.000000 0.000000 0.000000 0.000000 0.000000 0.000000 0.000000 0.000000 0.000000 0.000000 0.000000 0.000000 0.000000 
0.016852 0.039770 0.861084 0.027832 0.012695 0.008057 0.000000 0.000000 0.005615 0.070312 0.000000 0.000000 0.000000 0.000000 0.000000 0.000000 0.000000 0.000000 0.000000 0.000000 0.000000 0.000000 0.000000 0.000732 0.006348 0.007324 0.000000 0.000000 0.000000 0.000000 0.000000 0.000000 0.000000 0.000000 0.000000 0.000000 0.000000 0.000000 0.000000 0.000000 0.000000 0.000000 0.000000 0.000000 0.000000 0.000000 0.000000 0.000000 0.000000 0.000000 0.000000 0.000000 0.000000 0.000000 0.000000 0.000000 0.000000 0.000000 0.000000 0.000000 0.000000 0.000000 0.000000 0.000000 0.000000 0.000000 
0.005962 0.011951 0.714600 0.080811 0.187012 0.013428 0.000000 0.000732 0.000244 0.002441 0.000000 0.000000 0.000000 0.000000 0.000000 0.000000 0.000000 0.000000 0.000000 0.000000 0.000000 0.000000 0.000244 0.000244 0.000244 0.000000 0.000000 0.000000 0.000000 0.000000 0.000000 0.000000 0.000000 0.000000 0.000000 0.000000 0.000000 0.000000 0.000000 0.000000 0.000000 0.000000 0.000000 0.000000 0.000000 0.000000 0.000000 0.000000 0.000000 0.000000 0.000000 0.000000 0.000000 0.000000 0.000000 0.000000 0.000000 0.000000 0.000000 0.000000 0.000000 0.000000 0.000000 0.000000 0.000000 0.000000 
0.022019 0.043703 0.716064 0.036621 0.101562 0.049316 0.000244 0.001709 0.003174 0.062988 0.000000 0.000000 0.000000 0.000000 0.000000 0.000000 0.000000 0.000000 0.001709 0.000244 0.000000 0.000000 0.000732 0.011230 0.003662 0.003418 0.000000 0.000000 0.000977 0.001221 0.000000 0.000000 0.000000 0.000000 0.000000 0.000000 0.000000 0.000000 0.000000 0.000244 0.000000 0.000000 0.000000 0.000000 0.001953 0.001221 0.000000 0.000000 0.000000 0.000244 0.000000 0.000000 0.000000 0.000000 0.000000 0.000000 0.000000 0.000000 0.000000 0.000000 0.000000 0.000244 0.000000 0.000000 0.000000 0.001221 
0.006603 0.013226 0.229492 0.046875 0.098389 0.000000 0.000000 0.002197 0.000000 0.000000 0.000000 0.000000 0.000000 0.000000 0.000000 0.000000 0.000000 0.000000 0.000244 0.001709 0.003174 0.000000 0.000000 0.050049 0.129150 0.000000 0.000000 0.000000 0.000000 0.000000 0.000000 0.000000 0.000000 0.000000 0.000000 0.000000 0.000000 0.000000 0.000000 0.000000 0.097412 0.000000 0.000000 0.000000 0.341309 0.000000 0.000000 0.000000 0.000000 0.000000 0.000000 0.000000 0.000000 0.000000 0.000000 0.000000 0.000000 0.000000 0.000000 0.000000 0.000000 0.000000 0.000000 0.000000 0.000000 0.000000 
0.006602 0.011718 0.170898 0.018311 0.131592 0.000000 0.000000 0.000000 0.000000 0.000000 0.000000 0.000000 0.000000 0.000000 0.000000 0.000000 0.000000 0.000000 0.000000 0.001465 0.002197 0.000000 0.000000 0.017334 0.110596 0.000000 0.000000 0.000000 0.000000 0.000000 0.000000 0.000000 0.000000 0.000000 0.000000 0.000000 0.000000 0.000000 0.000000 0.000000 0.093262 0.000488 0.000000 0.000000 0.430664 0.019043 0.000000 0.000000 0.000000 0.000000 0.000000 0.000000 0.000000 0.000000 0.000000 0.000000 0.000000 0.000000 0.000000 0.000000 0.000000 0.002197 0.000000 0.000000 0.000000 0.001953 
0.005037 0.010203 0.379639 0.178223 0.442139 0.000000 0.000000 0.000000 0.000000 0.000000 0.000000 0.000000 0.000000 0.000000 0.000000 0.000000 0.000000 0.000000 0.000000 0.000000 0.000000 0.000000 0.000000 0.000000 0.000000 0.000000 0.000000 0.000000 0.000000 0.000000 0.000000 0.000000 0.000000 0.000000 0.000000 0.000000 0.000000 0.000000 0.000000 0.000000 0.000000 0.000000 0.000000 0.000000 0.000000 0.000000 0.000000 0.000000 0.000000 0.000000 0.000000 0.000000 0.000000 0.000000 0.000000 0.000000 0.000000 0.000000 0.000000 0.000000 0.000000 0.000000 0.000000 0.000000 0.000000 0.000000 
0.007097 0.013736 0.285400 0.052979 0.661621 0.000000 0.000000 0.000000 0.000000 0.000000 0.000000 0.000000 0.000000 0.000000 0.000000 0.000000 0.000000 0.000000 0.000000 0.000000 0.000000 0.000000 0.000000 0.000000 0.000000 0.000000 0.000000 0.000000 0.000000 0.000000 0.000000 0.000000 0.000000 0.000000 0.000000 0.000000 0.000000 0.000000 0.000000 0.000000 0.000000 0.000000 0.000000 0.000000 0.000000 0.000000 0.000000 0.000000 0.000000 0.000000 0.000000 0.000000 0.000000 0.000000 0.000000 0.000000 0.000000 0.000000 0.000000 0.000000 0.000000 0.000000 0.000000 0.000000 0.000000 0.000000 
0.005226 0.010482 0.845703 0.031738 0.040039 0.014648 0.000000 0.000977 0.015137 0.038086 0.000000 0.000000 0.000000 0.000000 0.000000 0.000000 0.000000 0.000000 0.000000 0.000244 0.000000 0.000000 0.000000 0.001953 0.008057 0.001465 0.000000 0.000000 0.000000 0.000244 0.000000 0.000000 0.000000 0.000000 0.000000 0.000000 0.000000 0.000000 0.000000 0.000000 0.000488 0.000000 0.000000 0.000000 0.000488 0.000244 0.000000 0.000000 0.000000 0.000000 0.000000 0.000000 0.000000 0.000000 0.000000 0.000000 0.000000 0.000000 0.000000 0.000000 0.000000 0.000000 0.000000 0.000000 0.000000 0.000488 
0.011064 0.026358 0.572998 0.056396 0.106201 0.034912 0.000000 0.007812 0.035400 0.154053 0.000000 0.000000 0.000000 0.000000 0.000000 0.000000 0.000000 0.000000 0.000000 0.000244 0.000000 0.000000 0.000000 0.010986 0.016602 0.001465 0.000000 0.000000 0.000244 0.000000 0.000000 0.000000 0.000000 0.000000 0.000000 0.000000 0.000000 0.000000 0.000000 0.000000 0.000000 0.000000 0.000000 0.000000 0.002197 0.000488 0.000000 0.000000 0.000000 0.000000 0.000000 0.000000 0.000000 0.000000 0.000000 0.000000 0.000000 0.000000 0.000000 0.000000 0.000000 0.000000 0.000000 0.000000 0.000000 0.000000 
0.006447 0.013166 0.839844 0.032471 0.120605 0.002930 0.000000 0.000000 0.000000 0.000000 0.000000 0.000000 0.000000 0.000000 0.000000 0.000000 0.000000 0.000000 0.000000 0.000244 0.000000 0.000000 0.000000 0.001953 0.000000 0.000000 0.000000 0.000000 0.000000 0.000000 0.000000 0.000000 0.000000 0.000000 0.000000 0.000000 0.000000 0.000000 0.000000 0.000000 0.000244 0.000000 0.000000 0.000000 0.001221 0.000000 0.000000 0.000000 0.000000 0.000000 0.000000 0.000000 0.000000 0.000000 0.000000 0.000000 0.000000 0.000000 0.000000 0.000000 0.000000 0.000000 0.000000 0.000000 0.000000 0.000488 
0.016983 0.034398 0.708008 0.084961 0.183594 0.018066 0.000000 0.000977 0.000244 0.003418 0.000000 0.000000 0.000000 0.000000 0.000000 0.000000 0.000000 0.000000 0.000000 0.000000 0.000000 0.000000 0.000000 0.000244 0.000488 0.000000 0.000000 0.000000 0.000000 0.000000 0.000000 0.000000 0.000000 0.000000 0.000000 0.000000 0.000000 0.000000 0.000000 0.000000 0.000000 0.000000 0.000000 0.000000 0.000000 0.000000 0.000000 0.000000 0.000000 0.000000 0.000000 0.000000 0.000000 0.000000 0.000000 0.000000 0.000000 0.000000 0.000000 0.000000 0.000000 0.000000 0.000000 0.000000 0.000000 0.000000 
0.010229 0.026604 0.868164 0.034912 0.021729 0.002441 0.000000 0.000488 0.008057 0.049072 0.000000 0.000000 0.000000 0.000000 0.000000 0.000000 0.000000 0.000000 0.000000 0.000488 0.000000 0.000000 0.000000 0.000977 0.009766 0.003174 0.000000 0.000000 0.000000 0.000732 0.000000 0.000000 0.000000 0.000000 0.000000 0.000000 0.000000 0.000000 0.000000 0.000000 0.000000 0.000000 0.000000 0.000000 0.000000 0.000000 0.000000 0.000000 0.000000 0.000000 0.000000 0.000000 0.000000 0.000000 0.000000 0.000000 0.000000 0.000000 0.000000 0.000000 0.000000 0.000000 0.000000 0.000000 0.000000 0.000000 
0.015381 0.035256 0.511719 0.069336 0.154297 0.017334 0.000000 0.007080 0.031006 0.161133 0.000000 0.000000 0.000000 0.000000 0.000000 0.000000 0.000000 0.000000 0.000000 0.000000 0.000000 0.000000 0.000000 0.016113 0.025879 0.002197 0.000000 0.000000 0.001953 0.000244 0.000000 0.000000 0.000000 0.000000 0.000000 0.000000 0.000000 0.000000 0.000000 0.000000 0.000000 0.000000 0.000000 0.000000 0.001465 0.000244 0.000000 0.000000 0.000000 0.000000 0.000000 0.000000 0.000000 0.000000 0.000000 0.000000 0.000000 0.000000 0.000000 0.000000 0.000000 0.000000 0.000000 0.000000 0.000000 0.000000 
0.014755 0.033064 0.779297 0.023682 0.114502 0.032471 0.000000 0.000732 0.001953 0.031494 0.000000 0.000000 0.000000 0.000000 0.000000 0.000000 0.000000 0.000000 0.000000 0.000732 0.000488 0.000000 0.000000 0.006348 0.003906 0.000732 0.000000 0.000000 0.000000 0.000000 0.000000 0.000000 0.000000 0.000000 0.000000 0.000000 0.000000 0.000000 0.000000 0.000000 0.000244 0.000244 0.000000 0.000000 0.001465 0.000000 0.000000 0.000000 0.000000 0.000000 0.000000 0.000000 0.000000 0.000000 0.000000 0.000000 0.000000 0.000000 0.000000 0.000000 0.000000 0.000000 0.000000 0.000000 0.000000 0.001709 
0.007189 0.013495 0.733887 0.052246 0.126465 0.073730 0.000000 0.000000 0.000977 0.011963 0.000000 0.000000 0.000000 0.000000 0.000000 0.000000 0.000000 0.000000 0.000000 0.000000 0.000000 0.000000 0.000000 0.000000 0.000732 0.000000 0.000000 0.000000 0.000000 0.000000 0.000000 0.000000 0.000000 0.000000 0.000000 0.000000 0.000000 0.000000 0.000000 0.000000 0.000000 0.000000 0.000000 0.000000 0.000000 0.000000 0.000000 0.000000 0.000000 0.000000 0.000000 0.000000 0.000000 0.000000 0.000000 0.000000 0.000000 0.000000 0.000000 0.000000 0.000000 0.000000 0.000000 0.000000 0.000000 0.000000 
0.010558 0.018000 0.226807 0.043457 0.115967 0.000000 0.000000 0.002441 0.000000 0.000000 0.000000 0.000000 0.000000 0.000000 0.000000 0.000000 0.000000 0.000000 0.000244 0.000977 0.001709 0.000000 0.000000 0.043701 0.136963 0.000000 0.000000 0.000000 0.000000 0.000000 0.000000 0.000000 0.000000 0.000000 0.000000 0.000000 0.000000 0.000000 0.000000 0.000000 0.102295 0.000000 0.000000 0.000000 0.325439 0.000000 0.000000 0.000000 0.000000 0.000000 0.000000 0.000000 0.000000 0.000000 0.000000 0.000000 0.000000 0.000000 0.000000 0.000000 0.000000 0.000000 0.000000 0.000000 0.000000 0.000000 
0.006075 0.011680 0.170654 0.018555 0.128418 0.000000 0.000000 0.000000 0.000000 0.000000 0.000000 0.000000 0.000000 0.000000 0.000000 0.000000 0.000000 0.000000 0.000000 0.002930 0.003418 0.000000 0.000000 0.014648 0.127686 0.000000 0.000000 0.000000 0.000000 0.000000 0.000000 0.000000 0.000000 0.000000 0.000000 0.000000 0.000000 0.000000 0.000000 0.000000 0.102783 0.000000 0.000000 0.000000 0.411377 0.014648 0.000000 0.000000 0.000000 0.000000 0.000000 0.000000 0.000000 0.000000 0.000000 0.000000 0.000000 0.000000 0.000000 0.000000 0.000000 0.001709 0.000000 0.000000 0.000000 0.003174 
0.011362 0.019940 0.379639 0.173828 0.446533 0.000000 0.000000 0.000000 0.000000 0.000000 0.000000 0.000000 0.000000 0.000000 0.000000 0.000000 0.000000 0.000000 0.000000 0.000000 0.000000 0.000000 0.000000 0.000000 0.000000 0.000000 0.000000 0.000000 0.000000 0.000000 0.000000 0.000000 0.000000 0.000000 0.000000 0.000000 0.000000 0.000000 0.000000 0.000000 0.000000 0.000000 0.000000 0.000000 0.000000 0.000000 0.000000 0.000000 0.000000 0.000000 0.000000 0.000000 0.000000 0.000000 0.000000 0.000000 0.000000 0.000000 0.000000 0.000000 0.000000 0.000000 0.000000 0.000000 0.000000 0.000000 
0.007278 0.014309 0.300049 0.050537 0.649414 0.000000 0.000000 0.000000 0.000000 0.000000 0.000000 0.000000 0.000000 0.000000 0.000000 0.000000 0.000000 0.000000 0.000000 0.000000 0.000000 0.000000 0.000000 0.000000 0.000000 0.000000 0.000000 0.000000 0.000000 0.000000 0.000000 0.000000 0.000000 0.000000 0.000000 0.000000 0.000000 0.000000 0.000000 0.000000 0.000000 0.000000 0.000000 0.000000 0.000000 0.000000 0.000000 0.000000 0.000000 0.000000 0.000000 0.000000 0.000000 0.000000 0.000000 0.000000 0.000000 0.000000 0.000000 0.000000 0.000000 0.000000 0.000000 0.000000 0.000000 0.000000 
0.016966 0.037381 0.561523 0.011475 0.000000 0.000000 0.000000 0.034668 0.023926 0.000000 0.000000 0.000000 0.151367 0.109863 0.000000 0.000000 0.000000 0.000000 0.000000 0.000000 0.000000 0.000000 0.000000 0.026611 0.014648 0.000000 0.000000 0.000000 0.027832 0.000000 0.000000 0.000000 0.000000 0.000000 0.000000 0.000000 0.000000 0.000000 0.000000 0.000000 0.000000 0.000000 0.000000 0.000000 0.034424 0.001709 0.000000 0.000000 0.000000 0.001709 0.000000 0.000000 0.000000 0.000000 0.000000 0.000000 0.000000 0.000000 0.000000 0.000000 0.000000 0.000000 0.000000 0.000000 0.000000 0.000244 
0.016776 0.034473 0.482666 0.004639 0.000000 0.000000 0.000000 0.009033 0.001709 0.000000 0.000000 0.000000 0.010254 0.146484 0.000000 0.000000 0.000000 0.188965 0.000000 0.000000 0.000000 0.000000 0.000000 0.035645 0.012939 0.000000 0.000000 0.000244 0.036865 0.007324 0.000000 0.000000 0.000000 0.019287 0.000000 0.000000 0.000000 0.000000 0.000000 0.000000 0.000000 0.000000 0.000000 0.000000 0.031738 0.005615 0.000000 0.000000 0.000000 0.002930 0.000000 0.000000 0.000000 0.000000 0.000000 0.000000 0.000000 0.000000 0.000000 0.000000 0.000000 0.000000 0.000000 0.000000 0.000000 0.003662 
0.006594 0.013428 0.567871 0.010254 0.000000 0.000000 0.000000 0.038330 0.077637 0.000000 0.000000 0.000000 0.189697 0.115967 0.000000 0.000000 0.000000 0.000000 0.000000 0.000000 0.000000 0.000000 0.000000 0.000000 0.000000 0.000000 0.000000 0.000000 0.000000 0.000244 0.000000 0.000000 0.000000 0.000000 0.000000 0.000000 0.000000 0.000000 0.000000 0.000000 0.000000 0.000000 0.000000 0.000000 0.000000 0.000000 0.000000 0.000000 0.000000 0.000000 0.000000 0.000000 0.000000 0.000000 0.000000 0.000000 0.000000 0.000000 0.000000 0.000000 0.000000 0.000000 0.000000 0.000000 0.000000 0.000000 
0.017294 0.039335 0.503906 0.009766 0.000000 0.000000 0.000000 0.015137 0.006104 0.000000 0.000000 0.000000 0.028320 0.234375 0.000000 0.000000 0.000000 0.202393 0.000000 0.000000 0.000000 0.000000 0.000000 0.000000 0.000000 0.000000 0.000000 0.000000 0.000000 0.000000 0.000000 0.000000 0.000000 0.000000 0.000000 0.000000 0.000000 0.000000 0.000000 0.000000 0.000000 0.000000 0.000000 0.000000 0.000000 0.000000 0.000000 0.000000 0.000000 0.000000 0.000000 0.000000 0.000000 0.000000 0.000000 0.000000 0.000000 0.000000 0.000000 0.000000 0.000000 0.000000 0.000000 0.000000 0.000000 0.000000 
0.006853 0.013672 0.550537 0.002686 0.000000 0.000000 0.000000 0.047119 0.080566 0.000000 0.000000 0.000000 0.125977 0.077148 0.000000 0.000000 0.000000 0.000000 0.000000 0.000732 0.000000 0.000000 0.000000 0.042969 0.011963 0.000000 0.000000 0.000244 0.025391 0.000000 0.000000 0.000000 0.000000 0.000000 0.000000 0.000000 0.000000 0.000000 0.000000 0.000000 0.000000 0.000000 0.000000 0.000000 0.031982 0.000488 0.000000 0.000000 0.000000 0.000488 0.000000 0.000000 0.000000 0.000000 0.000000 0.000000 0.000000 0.000000 0.000000 0.000000 0.000000 0.000000 0.000000 0.000000 0.000000 0.001709 
0.006036 0.012713 0.496338 0.023682 0.000000 0.000000 0.000000 0.033936 0.028076 0.000000 0.000000 0.000000 0.049805 0.172119 0.000000 0.000000 0.000000 0.043213 0.000000 0.000000 0.000000 0.000000 0.000000 0.051514 0.019287 0.000000 0.000000 0.000488 0.048828 0.010742 0.000000 0.000000 0.000000 0.004395 0.000000 0.000000 0.000000 0.000000 0.000000 0.000000 0.000000 0.000000 0.000000 0.000000 0.013916 0.000488 0.000000 0.000000 0.000000 0.001465 0.000000 0.000000 0.000000 0.000000 0.000000 0.000000 0.000000 0.000000 0.000000 0.000000 0.000000 0.000000 0.000000 0.000000 0.000000 0.001709 
0.023794 0.047981 0.583740 0.010010 0.000000 0.000000 0.000000 0.044922 0.156738 0.000000 0.000000 0.000000 0.129639 0.074951 0.000000 0.000000 0.000000 0.000000 0.000000 0.000000 0.000000 0.000000 0.000000 0.000000 0.000000 0.000000 0.000000 0.000000 0.000000 0.000000 0.000000 0.000000 0.000000 0.000000 0.000000 0.000000 0.000000 0.000000 0.000000 0.000000 0.000000 0.000000 0.000000 0.000000 0.000000 0.000000 0.000000 0.000000 0.000000 0.000000 0.000000 0.000000 0.000000 0.000000 0.000000 0.000000 0.000000 0.000000 0.000000 0.000000 0.000000 0.000000 0.000000 0.000000 0.000000 0.000000 
0.010876 0.020169 0.553711 0.011230 0.000000 0.000000 0.000244 0.038086 0.028564 0.000000 0.000000 0.000000 0.037598 0.286133 0.000000 0.000000 0.000000 0.027344 0.000000 0.000000 0.000000 0.000000 0.000000 0.000488 0.000488 0.000000 0.000000 0.000000 0.008057 0.006104 0.000000 0.000000 0.000000 0.001953 0.000000 0.000000 0.000000 0.000000 0.000000 0.000000 0.000000 0.000000 0.000000 0.000000 0.000000 0.000000 0.000000 0.000000 0.000000 0.000000 0.000000 0.000000 0.000000 0.000000 0.000000 0.000000 0.000000 0.000000 0.000000 0.000000 0.000000 0.000000 0.000000 0.000000 0.000000 0.000000 
0.012786 0.027077 0.550293 0.003174 0.000000 0.000000 0.000000 0.045166 0.119873 0.000000 0.000000 0.000000 0.173584 0.001221 0.000000 0.000000 0.000000 0.000000 0.000000 0.000244 0.000000 0.000000 0.000000 0.047119 0.008789 0.000000 0.000000 0.000732 0.027344 0.000000 0.000000 0.000000 0.000000 0.000000 0.000000 0.000000 0.000000 0.000000 0.000000 0.000000 0.000000 0.000000 0.000000 0.000000 0.021484 0.000732 0.000000 0.000000 0.000000 0.000244 0.000000 0.000000 0.000000 0.000000 0.000000 0.000000 0.000000 0.000000 0.000000 0.000000 0.000000 0.000000 0.000000 0.000000 0.000000 0.000000 
0.006888 0.013318 0.486816 0.004395 0.000000 0.000000 0.000000 0.015137 0.028809 0.000000 0.000000 0.000000 0.141357 0.189453 0.000000 0.000000 0.000000 0.000000 0.000000 0.000000 0.000000 0.000000 0.000000 0.070557 0.014893 0.000000 0.000000 0.000244 0.028076 0.000000 0.000000 0.000000 0.000000 0.000000 0.000000 0.000000 0.000000 0.000000 0.000000 0.000000 0.000000 0.000000 0.000000 0.000000 0.018066 0.000000 0.000000 0.000000 0.000000 0.001953 0.000000 0.000000 0.000000 0.000000 0.000000 0.000000 0.000000 0.000000 0.000000 0.000000 0.000000 0.000000 0.000000 0.000000 0.000000 0.000244 
0.006931 0.013779 0.557861 0.011475 0.000000 0.000000 0.000000 0.074219 0.187256 0.000000 0.000000 0.000000 0.164795 0.004395 0.000000 0.000000 0.000000 0.000000 0.000000 0.000000 0.000000 0.000000 0.000000 0.000000 0.000000 0.000000 0.000000 0.000000 0.000000 0.000000 0.000000 0.000000 0.000000 0.000000 0.000000 0.000000 0.000000 0.000000 0.000000 0.000000 0.000000 0.000000 0.000000 0.000000 0.000000 0.000000 0.000000 0.000000 0.000000 0.000000 0.000000 0.000000 0.000000 0.000000 0.000000 0.000000 0.000000 0.000000 0.000000 0.000000 0.000000 0.000000 0.000000 0.000000 0.000000 0.000000 
0.007417 0.014202 0.508789 0.007568 0.000000 0.000000 0.000000 0.012695 0.030273 0.000000 0.000000 0.000000 0.081787 0.356689 0.000000 0.000000 0.000000 0.001465 0.000000 0.000000 0.000000 0.000000 0.000000 0.000000 0.000000 0.000000 0.000000 0.000000 0.000000 0.000000 0.000000 0.000000 0.000000 0.000732 0.000000 0.000000 0.000000 0.000000 0.000000 0.000000 0.000000 0.000000 0.000000 0.000000 0.000000 0.000000 0.000000 0.000000 0.000000 0.000000 0.000000 0.000000 0.000000 0.000000 0.000000 0.000000 0.000000 0.000000 0.000000 0.000000 0.000000 0.000000 0.000000 0.000000 0.000000 0.000000 
